Car 0.0 0.0 0.00 851.2 176.31 1026.69 232.13 1.884156 1.8886354993941843 5.336035 11.36212565469607 1.5908590000000018 28.009463194243963 -3.11069981968401  
Car 0.0 0.0 0.00 192.43 190.15 364.95 231.14 1.373779 1.3978122629119647 5.229687 -11.661238627604908 1.5627825000000017 28.146711089996288 -3.1041614148803114  
Car 0.0 2.0 0.00 331.15 185.02 399.25 215.19 1.510168 1.5103183009500096 5.127891 -13.040214120709331 1.5111490000000027 42.49540085622799 1.5740521861546146  
Car 0.0 0.0 0.00 440.36 188.05 491.32 213.22 1.301633 1.303058642271709 4.531451 -7.999282334680105 1.4784685000000026 44.04700243514256 1.5715080720638601  
Car 0.0 2.0 0.00 465.03 176.22 506.58 205.22 1.825551 1.8260617295604331 4.335854 -8.232547622210866 1.2729135000000031 52.38977777021123 1.5702502481785328  
DontCare -1 -1 -10 1130.83 187.01 1224 240.82 -1 -1 -1 -1000 -1000 -1000 -10 
DontCare -1 -1 -10 659.41 174.34 678.88 190.93 -1 -1 -1 -1000 -1000 -1000 -10 
DontCare -1 -1 -10 655.53 173.96 671.72 189.07 -1 -1 -1 -1000 -1000 -1000 -10 
DontCare -1 -1 -10 448.5 173.87 458.64 188.66 -1 -1 -1 -1000 -1000 -1000 -10 
DontCare -1 -1 -10 408.94 173.09 413.73 189.13 -1 -1 -1 -1000 -1000 -1000 -10 
DontCare -1 -1 -10 467.94 173.24 489.37 186.37 -1 -1 -1 -1000 -1000 -1000 -10 
