Car 0.0 1.0 0.00 991.23 190.05 1181.56 232.5 1.373779 1.3985459154629039 5.229687 16.01153740457628 1.5523455000000015 27.133237733268977 -3.1304483074367884  
Car 0.0 0.0 0.00 328.78 189.25 393.63 214.99 1.276163 1.2790560611710455 4.326316 -13.255205921384741 1.5139205000000027 42.43283649436483 1.5743536568763115  
Car 0.0 0.0 0.00 241.69 187.79 324.63 216.07 1.38666 1.3890226380333643 5.651099 -17.37140287738303 1.5449540000000028 42.48776002091225 1.577973679184458  
Car 0.0 2.0 0.00 360.68 180.01 414.15 208.84 1.666888 1.6667308582105622 4.527549 -13.546872350124609 1.3784880000000028 48.37993364860631 1.5628960590291592  
Car 0.0 3.0 0.00 340.54 174.35 408.6 203.87 1.961085 1.9612042418667837 5.707938 -16.504981093762275 1.2533395000000034 55.85000880806404 1.579109783807751  
Car 0.0 3.0 0.00 381.55 173.87 424.9 199.1 1.95105 1.9510398131076432 4.899197 -16.725444797032228 1.0902560000000039 64.14722405897547 1.5930600957991867  
DontCare -1 -1 -10 1130.83 187.01 1224 240.82 -1 -1 -1 -1000 -1000 -1000 -10 
DontCare -1 -1 -10 298.58 185.75 359.99 209.01 -1 -1 -1 -1000 -1000 -1000 -10 
DontCare -1 -1 -10 381.92 183.67 430.93 204.03 -1 -1 -1 -1000 -1000 -1000 -10 
DontCare -1 -1 -10 493.18 182.06 524.28 199.17 -1 -1 -1 -1000 -1000 -1000 -10 
DontCare -1 -1 -10 426.01 179.89 464.63 199.57 -1 -1 -1 -1000 -1000 -1000 -10 
DontCare -1 -1 -10 501.99 174.83 530.81 196.52 -1 -1 -1 -1000 -1000 -1000 -10 
DontCare -1 -1 -10 444.98 178.84 480.58 196.01 -1 -1 -1 -1000 -1000 -1000 -10 
DontCare -1 -1 -10 403.67 174.74 445.48 196.25 -1 -1 -1 -1000 -1000 -1000 -10 
DontCare -1 -1 -10 659.41 174.34 678.88 190.93 -1 -1 -1 -1000 -1000 -1000 -10 
DontCare -1 -1 -10 655.53 173.96 671.72 189.07 -1 -1 -1 -1000 -1000 -1000 -10 
DontCare -1 -1 -10 448.5 173.87 458.64 188.66 -1 -1 -1 -1000 -1000 -1000 -10 
DontCare -1 -1 -10 408.94 173.09 413.73 189.13 -1 -1 -1 -1000 -1000 -1000 -10 
DontCare -1 -1 -10 467.94 173.24 489.37 186.37 -1 -1 -1 -1000 -1000 -1000 -10 
